# z [m]         T [K]         P [Pa]        rho [kg/m^3]  H2O [kg/kg]   CO2 [kg/kg]   O3 [kg/kg]    CH4 [kg/kg]   
  0.000000e+00  2.881832e+02  1.002718e+05  1.220089e+00  4.484756e-03  6.282761e-04  5.000033e-08  1.033649e-06 
  1.000000e+03  2.816801e+02  8.886842e+04  1.106299e+00  4.484756e-03  6.282761e-04  5.000107e-08  1.033649e-06 
  2.000000e+03  2.751771e+02  7.854009e+04  1.000830e+00  4.484756e-03  6.282761e-04  5.000336e-08  1.033649e-06 
  3.000000e+03  2.686741e+02  6.920734e+04  9.032493e-01  3.771491e-03  6.282761e-04  5.001008e-08  1.033649e-06 
  4.000000e+03  2.621711e+02  6.079486e+04  8.131363e-01  2.431679e-03  6.282761e-04  5.002911e-08  1.033649e-06 
  5.000000e+03  2.556681e+02  5.323140e+04  7.300838e-01  1.526744e-03  6.282761e-04  5.008072e-08  1.033649e-06 
  6.000000e+03  2.491651e+02  4.644965e+04  6.536972e-01  9.313645e-04  6.282761e-04  5.021507e-08  1.033649e-06 
  7.000000e+03  2.426621e+02  4.038610e+04  5.835947e-01  5.506605e-04  6.282761e-04  5.055058e-08  1.033649e-06 
  8.000000e+03  2.361590e+02  3.498092e+04  5.194072e-01  3.146662e-04  6.282761e-04  5.135422e-08  1.033649e-06 
  9.000000e+03  2.296560e+02  3.017784e+04  4.607779e-01  1.732467e-04  6.282761e-04  5.320023e-08  1.033649e-06 
  1.000000e+04  2.231530e+02  2.592405e+04  4.073628e-01  9.158173e-05  6.282761e-04  5.726612e-08  1.033649e-06 
  1.100000e+04  2.166500e+02  2.217002e+04  3.588300e-01  4.629872e-05  6.282761e-04  6.585084e-08  1.033649e-06 
  1.200000e+04  2.166500e+02  1.891515e+04  3.061487e-01  4.629872e-05  6.282761e-04  8.322234e-08  1.033649e-06 
  1.300000e+04  2.166500e+02  1.613814e+04  2.612018e-01  4.629872e-05  6.282761e-04  1.169016e-07  1.033649e-06 
  1.400000e+04  2.166500e+02  1.376883e+04  2.228537e-01  4.629872e-05  6.282761e-04  1.794407e-07  1.033649e-06 
  1.500000e+04  2.166500e+02  1.174737e+04  1.901356e-01  4.629872e-05  6.282761e-04  2.906209e-07  1.033649e-06 
  1.600000e+04  2.166500e+02  1.002269e+04  1.622210e-01  4.629872e-05  6.282761e-04  4.797581e-07  1.033649e-06 
  1.700000e+04  2.166500e+02  8.551221e+03  1.384047e-01  4.629872e-05  6.282761e-04  7.874679e-07  1.033649e-06 
  1.800000e+04  2.166500e+02  7.295782e+03  1.180849e-01  4.629872e-05  6.282761e-04  1.265879e-06  1.033649e-06 
  1.900000e+04  2.166500e+02  6.224658e+03  1.007484e-01  4.629872e-05  6.282761e-04  1.976042e-06  1.033649e-06 
  2.000000e+04  2.166500e+02  5.310791e+03  8.595711e-02  4.629872e-05  6.282761e-04  2.981362e-06  1.033649e-06 
  2.100000e+04  2.176500e+02  4.532749e+03  7.302714e-02  4.629872e-05  6.282761e-04  4.336486e-06  1.033649e-06 
  2.200000e+04  2.186500e+02  3.871502e+03  6.208852e-02  4.629872e-05  6.282761e-04  6.072288e-06  1.033649e-06 
  2.300000e+04  2.196500e+02  3.309099e+03  5.282748e-02  4.629872e-05  6.282761e-04  8.179238e-06  1.033649e-06 
  2.400000e+04  2.206500e+02  2.830412e+03  4.498079e-02  4.629872e-05  6.282761e-04  1.059305e-05  1.033649e-06 
  2.500000e+04  2.216500e+02  2.422683e+03  3.832747e-02  4.629872e-05  6.282761e-04  1.318745e-05  1.033649e-06 
  2.600000e+04  2.226500e+02  2.075140e+03  3.268181e-02  4.629872e-05  6.282761e-04  1.577839e-05  1.033649e-06 
  2.700000e+04  2.236500e+02  1.778688e+03  2.788766e-02  4.629872e-05  6.282761e-04  1.814195e-05  1.033649e-06 
  2.800000e+04  2.246500e+02  1.525635e+03  2.381363e-02  4.629872e-05  6.282761e-04  2.004470e-05  1.033649e-06 
  2.900000e+04  2.256500e+02  1.309476e+03  2.034902e-02  4.629872e-05  6.282761e-04  2.128110e-05  1.033649e-06 
  3.000000e+04  2.266500e+02  1.124703e+03  1.740057e-02  4.629872e-05  6.282761e-04  2.171000e-05  1.033649e-06 
  3.100000e+04  2.276500e+02  9.666497e+02  1.488959e-02  4.629872e-05  6.282761e-04  2.128110e-05  1.033649e-06 
  3.200000e+04  2.286500e+02  8.313589e+02  1.274966e-02  4.629872e-05  6.282761e-04  2.004470e-05  1.033649e-06 
  3.300000e+04  2.314500e+02  7.158941e+02  1.084608e-02  4.629872e-05  6.282761e-04  1.814195e-05  1.033649e-06 
  3.400000e+04  2.342500e+02  6.175754e+02  9.244676e-03  4.629872e-05  6.282761e-04  1.577839e-05  1.033649e-06 
  3.500000e+04  2.370500e+02  5.336954e+02  7.894685e-03  4.629872e-05  6.282761e-04  1.318745e-05  1.033649e-06 
  3.600000e+04  2.398500e+02  4.619994e+02  6.754341e-03  4.629872e-05  6.282761e-04  1.059305e-05  1.033649e-06 
  3.700000e+04  2.426500e+02  4.006051e+02  5.789186e-03  4.629872e-05  6.282761e-04  8.179238e-06  1.033649e-06 
  3.800000e+04  2.454500e+02  3.479381e+02  4.970731e-03  4.629872e-05  6.282761e-04  6.072288e-06  1.033649e-06 
  3.900000e+04  2.482500e+02  3.026787e+02  4.275372e-03  4.629872e-05  6.282761e-04  4.336486e-06  1.033649e-06 
  4.000000e+04  2.510500e+02  2.637185e+02  3.683508e-03  4.629872e-05  6.282761e-04  2.981362e-06  1.033649e-06 
  4.100000e+04  2.538500e+02  2.301245e+02  3.178829e-03  4.629872e-05  6.282761e-04  1.976042e-06  1.033649e-06 
  4.200000e+04  2.566500e+02  2.011104e+02  2.747733e-03  4.629872e-05  6.282761e-04  1.265879e-06  1.033649e-06 
  4.300000e+04  2.594500e+02  1.760115e+02  2.378859e-03  4.629872e-05  6.282761e-04  7.874679e-07  1.033649e-06 
  4.400000e+04  2.622500e+02  1.542656e+02  2.062695e-03  4.629872e-05  6.282761e-04  4.797581e-07  1.033649e-06 
  4.500000e+04  2.650500e+02  1.353959e+02  1.791261e-03  4.629872e-05  6.282761e-04  2.906209e-07  1.033649e-06 
  4.600000e+04  2.678500e+02  1.189973e+02  1.557854e-03  4.629872e-05  6.282761e-04  1.794407e-07  1.033649e-06 
  4.700000e+04  2.706500e+02  1.047254e+02  1.356830e-03  4.629872e-05  6.282761e-04  1.169016e-07  1.033649e-06 
  4.800000e+04  2.706500e+02  9.222609e+01  1.194888e-03  4.629872e-05  6.282761e-04  8.322234e-08  1.033649e-06 
  4.900000e+04  2.706500e+02  8.121862e+01  1.052274e-03  4.629872e-05  6.282761e-04  6.585084e-08  1.033649e-06 
  5.000000e+04  2.706500e+02  7.152493e+01  9.266820e-04  4.629872e-05  6.282761e-04  5.726612e-08  1.033649e-06 
  5.100000e+04  2.706500e+02  6.298821e+01  8.160797e-04  4.629872e-05  6.282761e-04  5.320023e-08  1.033649e-06 
  5.200000e+04  2.678500e+02  5.543373e+01  7.257111e-04  4.629872e-05  6.282761e-04  5.135422e-08  1.033649e-06 
  5.300000e+04  2.650500e+02  4.871984e+01  6.445540e-04  4.629872e-05  6.282761e-04  5.055058e-08  1.033649e-06 
  5.400000e+04  2.622500e+02  4.276043e+01  5.717523e-04  4.629872e-05  6.282761e-04  5.021507e-08  1.033649e-06 
  5.500000e+04  2.594500e+02  3.747746e+01  5.065214e-04  4.629872e-05  6.282761e-04  5.008072e-08  1.033649e-06 
  5.600000e+04  2.566500e+02  3.280022e+01  4.481432e-04  4.629872e-05  6.282761e-04  5.002911e-08  1.033649e-06 
  5.700000e+04  2.538500e+02  2.866476e+01  3.959611e-04  4.629872e-05  6.282761e-04  5.001008e-08  1.033649e-06 
  5.800000e+04  2.510500e+02  2.501328e+01  3.493750e-04  4.629872e-05  6.282761e-04  5.000336e-08  1.033649e-06 
  5.900000e+04  2.482500e+02  2.179362e+01  3.078374e-04  4.629872e-05  6.282761e-04  5.000107e-08  1.033649e-06 
  6.000000e+04  2.454500e+02  1.895873e+01  2.708492e-04  4.629872e-05  6.282761e-04  5.000033e-08  1.033649e-06 
