# Nr of T,P value pairs:
61
# List of T,P values in Kelvin, bar:
 2.881832e+02  1.002718e+00
 2.816801e+02  8.886842e-01
 2.751771e+02  7.854009e-01
 2.686741e+02  6.920734e-01
 2.621711e+02  6.079486e-01
 2.556681e+02  5.323140e-01
 2.491651e+02  4.644965e-01
 2.426621e+02  4.038610e-01
 2.361590e+02  3.498092e-01
 2.296560e+02  3.017784e-01
 2.231530e+02  2.592405e-01
 2.166500e+02  2.217002e-01
 2.166500e+02  1.891515e-01
 2.166500e+02  1.613814e-01
 2.166500e+02  1.376883e-01
 2.166500e+02  1.174737e-01
 2.166500e+02  1.002269e-01
 2.166500e+02  8.551221e-02
 2.166500e+02  7.295782e-02
 2.166500e+02  6.224658e-02
 2.166500e+02  5.310791e-02
 2.176500e+02  4.532749e-02
 2.186500e+02  3.871502e-02
 2.196500e+02  3.309099e-02
 2.206500e+02  2.830412e-02
 2.216500e+02  2.422683e-02
 2.226500e+02  2.075140e-02
 2.236500e+02  1.778688e-02
 2.246500e+02  1.525635e-02
 2.256500e+02  1.309476e-02
 2.266500e+02  1.124703e-02
 2.276500e+02  9.666497e-03
 2.286500e+02  8.313589e-03
 2.314500e+02  7.158941e-03
 2.342500e+02  6.175754e-03
 2.370500e+02  5.336954e-03
 2.398500e+02  4.619994e-03
 2.426500e+02  4.006051e-03
 2.454500e+02  3.479381e-03
 2.482500e+02  3.026787e-03
 2.510500e+02  2.637185e-03
 2.538500e+02  2.301245e-03
 2.566500e+02  2.011104e-03
 2.594500e+02  1.760115e-03
 2.622500e+02  1.542656e-03
 2.650500e+02  1.353959e-03
 2.678500e+02  1.189973e-03
 2.706500e+02  1.047254e-03
 2.706500e+02  9.222609e-04
 2.706500e+02  8.121862e-04
 2.706500e+02  7.152493e-04
 2.706500e+02  6.298821e-04
 2.678500e+02  5.543373e-04
 2.650500e+02  4.871984e-04
 2.622500e+02  4.276043e-04
 2.594500e+02  3.747746e-04
 2.566500e+02  3.280022e-04
 2.538500e+02  2.866476e-04
 2.510500e+02  2.501328e-04
 2.482500e+02  2.179362e-04
 2.454500e+02  1.895873e-04
# Nr of g grid points:
16
# List of g values:
1.786956e-02
9.150009e-02
2.135104e-01
3.674544e-01
5.325456e-01
6.864896e-01
8.084999e-01
8.821304e-01
9.019855e-01
9.101667e-01
9.237234e-01
9.408283e-01
9.591717e-01
9.762766e-01
9.898333e-01
9.980145e-01
# List of g weights:
4.555284e-02
1.000715e-01
1.411680e-01
1.632077e-01
1.632077e-01
1.411680e-01
1.000715e-01
4.555284e-02
5.061427e-03
1.111905e-02
1.568533e-02
1.813419e-02
1.813419e-02
1.568533e-02
1.111905e-02
5.061427e-03
# Nr of wavelength grid points:
483
# List of wavelengths in micrometer:
1.108822e-01
1.126706e-01
1.144878e-01
1.163344e-01
1.182107e-01
1.201173e-01
1.220546e-01
1.240232e-01
1.260235e-01
1.280561e-01
1.301215e-01
1.322202e-01
1.343527e-01
1.365196e-01
1.387215e-01
1.409589e-01
1.432324e-01
1.455426e-01
1.478900e-01
1.502752e-01
1.526990e-01
1.551618e-01
1.576644e-01
1.602073e-01
1.627912e-01
1.654168e-01
1.680848e-01
1.707958e-01
1.735505e-01
1.763496e-01
1.791939e-01
1.820841e-01
1.850209e-01
1.880050e-01
1.910373e-01
1.941185e-01
1.972493e-01
2.004307e-01
2.036634e-01
2.069482e-01
2.102860e-01
2.136777e-01
2.171240e-01
2.206259e-01
2.241843e-01
2.278001e-01
2.314742e-01
2.352076e-01
2.390012e-01
2.428560e-01
2.467729e-01
2.507531e-01
2.547974e-01
2.589069e-01
2.630828e-01
2.673259e-01
2.716375e-01
2.760187e-01
2.804705e-01
2.849942e-01
2.895907e-01
2.942614e-01
2.990075e-01
3.038301e-01
3.087305e-01
3.137099e-01
3.187696e-01
3.239109e-01
3.291352e-01
3.344437e-01
3.398379e-01
3.453190e-01
3.508885e-01
3.565479e-01
3.622986e-01
3.681420e-01
3.740796e-01
3.801130e-01
3.862437e-01
3.924733e-01
3.988034e-01
4.052356e-01
4.117715e-01
4.184128e-01
4.251613e-01
4.320186e-01
4.389865e-01
4.460668e-01
4.532612e-01
4.605717e-01
4.680002e-01
4.755484e-01
4.832184e-01
4.910120e-01
4.989314e-01
5.069785e-01
5.151554e-01
5.234642e-01
5.319070e-01
5.404859e-01
5.492033e-01
5.580612e-01
5.670620e-01
5.762079e-01
5.855014e-01
5.949448e-01
6.045405e-01
6.142909e-01
6.241986e-01
6.342661e-01
6.444960e-01
6.548909e-01
6.654534e-01
6.761863e-01
6.870923e-01
6.981742e-01
7.094348e-01
7.208771e-01
7.325039e-01
7.443182e-01
7.563231e-01
7.685216e-01
7.809168e-01
7.935120e-01
8.063103e-01
8.193150e-01
8.325295e-01
8.459571e-01
8.596012e-01
8.734655e-01
8.875533e-01
9.018684e-01
9.164144e-01
9.311949e-01
9.462139e-01
9.614750e-01
9.769824e-01
9.927398e-01
1.008751e+00
1.025021e+00
1.041553e+00
1.058352e+00
1.075422e+00
1.092767e+00
1.110392e+00
1.128301e+00
1.146499e+00
1.164991e+00
1.183781e+00
1.202874e+00
1.222274e+00
1.241988e+00
1.262020e+00
1.282374e+00
1.303057e+00
1.324074e+00
1.345430e+00
1.367129e+00
1.389180e+00
1.411585e+00
1.434352e+00
1.457486e+00
1.480994e+00
1.504880e+00
1.529152e+00
1.553815e+00
1.578876e+00
1.604341e+00
1.630217e+00
1.656511e+00
1.683228e+00
1.710376e+00
1.737962e+00
1.765993e+00
1.794476e+00
1.823419e+00
1.852828e+00
1.882712e+00
1.913078e+00
1.943933e+00
1.975286e+00
2.007145e+00
2.039518e+00
2.072412e+00
2.105838e+00
2.139802e+00
2.174314e+00
2.209383e+00
2.245018e+00
2.281227e+00
2.318020e+00
2.355407e+00
2.393396e+00
2.431998e+00
2.471223e+00
2.511081e+00
2.551582e+00
2.592735e+00
2.634553e+00
2.677044e+00
2.720222e+00
2.764095e+00
2.808676e+00
2.853976e+00
2.900008e+00
2.946781e+00
2.994309e+00
3.042603e+00
3.091676e+00
3.141541e+00
3.192210e+00
3.243696e+00
3.296012e+00
3.349173e+00
3.403190e+00
3.458079e+00
3.513854e+00
3.570527e+00
3.628115e+00
3.686632e+00
3.746093e+00
3.806512e+00
3.867906e+00
3.930291e+00
3.993681e+00
4.058094e+00
4.123545e+00
4.190053e+00
4.257633e+00
4.326303e+00
4.396081e+00
4.466983e+00
4.539030e+00
4.612239e+00
4.686628e+00
4.762217e+00
4.839025e+00
4.917073e+00
4.996378e+00
5.076963e+00
5.158848e+00
5.242054e+00
5.326601e+00
5.412512e+00
5.499809e+00
5.588513e+00
5.678649e+00
5.770238e+00
5.863304e+00
5.957872e+00
6.053965e+00
6.151607e+00
6.250824e+00
6.351642e+00
6.454086e+00
6.558181e+00
6.663956e+00
6.771437e+00
6.880651e+00
6.991627e+00
7.104393e+00
7.218978e+00
7.335410e+00
7.453721e+00
7.573939e+00
7.696097e+00
7.820225e+00
7.946355e+00
8.074519e+00
8.204751e+00
8.337083e+00
8.471549e+00
8.608184e+00
8.747022e+00
8.888100e+00
9.031454e+00
9.177119e+00
9.325134e+00
9.475536e+00
9.628364e+00
9.783657e+00
9.941454e+00
1.010180e+01
1.026473e+01
1.043028e+01
1.059851e+01
1.076945e+01
1.094315e+01
1.111964e+01
1.129899e+01
1.148123e+01
1.166641e+01
1.185457e+01
1.204577e+01
1.224005e+01
1.243747e+01
1.263807e+01
1.284190e+01
1.304902e+01
1.325949e+01
1.347335e+01
1.369065e+01
1.391147e+01
1.413584e+01
1.436383e+01
1.459550e+01
1.483091e+01
1.507011e+01
1.531317e+01
1.556015e+01
1.581112e+01
1.606613e+01
1.632526e+01
1.658856e+01
1.685611e+01
1.712798e+01
1.740423e+01
1.768494e+01
1.797017e+01
1.826001e+01
1.855452e+01
1.885378e+01
1.915786e+01
1.946686e+01
1.978083e+01
2.009987e+01
2.042405e+01
2.075347e+01
2.108819e+01
2.142832e+01
2.177393e+01
2.212511e+01
2.248196e+01
2.284457e+01
2.321302e+01
2.358742e+01
2.396785e+01
2.435442e+01
2.474722e+01
2.514637e+01
2.555194e+01
2.596406e+01
2.638283e+01
2.680835e+01
2.724073e+01
2.768009e+01
2.812653e+01
2.858018e+01
2.904114e+01
2.950953e+01
2.998548e+01
3.046911e+01
3.096054e+01
3.145989e+01
3.196729e+01
3.248288e+01
3.300679e+01
3.353915e+01
3.408009e+01
3.462976e+01
3.518829e+01
3.575583e+01
3.633252e+01
3.691852e+01
3.751397e+01
3.811902e+01
3.873383e+01
3.935855e+01
3.999336e+01
4.063840e+01
4.129384e+01
4.195986e+01
4.263661e+01
4.332428e+01
4.402305e+01
4.473308e+01
4.545457e+01
4.618769e+01
4.693264e+01
4.768960e+01
4.845877e+01
4.924035e+01
5.003453e+01
5.084152e+01
5.166153e+01
5.249476e+01
5.334143e+01
5.420176e+01
5.507596e+01
5.596426e+01
5.686689e+01
5.778408e+01
5.871606e+01
5.966308e+01
6.062536e+01
6.160317e+01
6.259675e+01
6.360635e+01
6.463224e+01
6.567467e+01
6.673392e+01
6.781025e+01
6.890394e+01
7.001527e+01
7.114452e+01
7.229199e+01
7.345796e+01
7.464275e+01
7.584663e+01
7.706994e+01
7.831298e+01
7.957606e+01
8.085952e+01
8.216368e+01
8.348887e+01
8.483544e+01
8.620372e+01
8.759407e+01
8.900685e+01
9.044241e+01
9.190113e+01
9.338337e+01
9.488953e+01
9.641997e+01
9.797510e+01
9.955530e+01
1.011610e+02
1.027926e+02
1.044505e+02
1.061352e+02
1.078470e+02
1.095864e+02
1.113539e+02
1.131499e+02
1.149748e+02
1.168292e+02
1.187136e+02
1.206282e+02
1.225738e+02
1.245508e+02
1.265596e+02
1.286008e+02
1.306750e+02
1.327826e+02
1.349242e+02
1.371004e+02
1.393116e+02
1.415585e+02
1.438417e+02
1.461617e+02
1.485191e+02
1.509145e+02
1.533485e+02
1.558218e+02
1.583350e+02
1.608888e+02
1.634837e+02
1.661205e+02
1.687998e+02
1.715223e+02
1.742887e+02
1.770998e+02
1.799562e+02
1.828586e+02
1.858079e+02
1.888047e+02
1.918499e+02
1.949442e+02
1.980884e+02
2.012833e+02
2.045297e+02
2.078285e+02
2.111805e+02
2.145866e+02
2.180476e+02
2.215644e+02
2.251379e+02
2.287691e+02
2.324589e+02
2.362081e+02
2.400178e+02
2.438890e+02
2.478226e+02
